0	0	0	0	0	0	0	0	0	0	0	0	0	0	0	0	0	0	0	0	0	0	0	0	0	0	0	0	0	0	0	0	0	0	0	0	0	0	0	0	0	0	0	0	0	0	0	0	0	0	0	0	0	0	0	0	0	0	0	0	0	0	0	0	0	0	0	0	0	0	0	0	0	0	0	0	0	0	0	0	0	0	0	
0	126	12	15	0	15	6385	1	198	1	0	0	8	0	8404	0	95346	1189	161	15	29	102919	39945	58790	894	59	43422	1589	24955	7	13	17585	3451	70404	35695	1424	16489	880	1506	30	88	2114	170620	541	10436	1993	17291	5987	1	0	3377	60	2	86	3	1	0	169	0	0	0	12	322	105	53506	17	19732	0	0	9	0	0	0	0	0	9	0	0	0	0	0	0	0	
0	5	30	60	42	35	766	1	66	0	0	0	260	0	1397	0	99887	56261	99683	29924	364	2019	621	1966	101	7	6189	76	1619	16	2	336	252	2540	246	952	7677	219	99922	266	1341	18691	24608	231554	153252	298	181325	21640	0	3	18	16	2	4	0	1	0	21	0	2	0	16	0	0	1887	1	27859	0	0	0	0	0	0	0	0	123	0	0	0	0	0	0	0	
0	10	5	86	45	53	83	57	38	0	0	0	40	0	6	0	609	8729	77	5	2	83	5	246	21	1	31	2	6	1	0	285	1	126	54	965	4807	24	481	167	395	66	376	39	6057	38	12206	24	0	0	1	0	0	9	0	0	0	3	0	0	0	0	18	0	11	0	0	0	0	0	0	0	0	0	0	2	0	0	0	0	0	0	0	
0	189	66255	7	51	46	532	4	90	0	7	0	9	0	103	0	35459	2317	28567	1524	17235	6740	329	20551	377	19204	10516	11	3658	209	1014	91457	30515	12299	96694	639984	117930	50463	274719	275647	26825	5836	127652	29710	17067	4086	135379	4312	16	0	3722	12	7	53	1	3	0	11	0	3	0	90553	10	0	24	3	1984	0	0	24	0	0	0	0	0	0	0	0	0	0	0	0	0	
0	14320	3099	411	5	72	153571	12	14810	9	0	0	23	1	57362	0	90377	8526	296465	14177	9281	18007	135156	134202	21	4106	71712	1563	7558	93	248	58542	236	120183	28436	175527	178496	23444	204297	3661	622950	6767	505126	200230	99961	660	314995	95395	13	0	380	24	0	3	0	1	0	21	0	3	0	216	32	2	11279	4	67885	0	0	9	0	0	0	0	0	0	0	0	0	0	0	0	0	
0	1953	31001	94	123	3326	2384	8	92272	9	0	0	12232	1	7625	1	121185	3113	12884	960	5962	34887	16275	35857	220	11586	84774	103	30905	27	239	89776	2225	17123	251	277956	24362	20243	38328	28613	49513	12611	76795	127737	8916	506	141033	10932	21	0	53	31	0	71	1	4	0	247	0	1	0	102	208	1	443	0	94303	0	0	0	0	0	0	0	0	987	0	0	0	0	0	0	0	
0	9	0	1	1	0	6	2	1	6	0	0	1	0	6	0	34	7	350	0	39	11	10	66	2	5	3	0	8	0	1	14	11	23703	6	1537	58	143	18	2	3404	11	924	432	6614	454	310	5	0	0	1	1	0	1	0	0	0	1	0	0	0	0	2	0	16	0	83	0	0	0	0	0	0	0	0	1	0	0	0	0	0	0	0	
0	6883	143	136	4	460	55584	0	86	8	0	0	4234	1	404	0	25390	2129	3857	24	20	60190	714	35493	13	584	38330	110770	26780	3	220	88875	3103	202431	1809	193422	311914	1260	9397	11625	9625	779	31819	59852	4105	2813	15379	1894	40	0	22	82	3	13	0	5	0	132	0	0	0	46	56003	0	13064	0	6399	0	0	2	0	0	0	0	0	38	0	0	0	0	0	0	0	
0	3	4	7	0	0	7	0	0	8	1	0	1	3	0	0	15	3	1	4	1	37	3	23	5	2	39	53	7	0	8	8	2	70	61	546	37	4	10	12	17	1	4413	17	7	469	4	10	0	0	3	0	1	0	2	0	0	0	0	0	0	2	9	0	3	0	3	0	0	0	0	0	0	0	0	0	0	0	0	0	0	0	0	
0	2	0	0	4	0	0	0	2	0	0	0	0	0	2	0	177	1	128	0	0	12	0	158	0	2	0	0	1	0	15259	3865	1	1146	18	232	6	1	0	42	0	1	7	0	11	2447	7	2	0	0	1	6	0	1	0	4	0	0	0	0	0	0	10	0	7	0	4	0	0	0	0	0	0	0	0	0	0	0	0	0	0	0	0	
0	0	0	0	0	0	0	0	0	0	0	0	0	0	0	0	0	0	0	0	0	0	0	0	0	0	0	0	0	0	0	0	0	0	0	0	0	0	0	0	0	0	0	0	0	0	0	0	0	1	0	0	0	0	0	0	0	0	0	0	0	0	0	0	0	0	0	0	0	0	0	0	0	0	0	0	0	0	0	0	0	0	0	
0	6095	80	8	61	1395	570887	9	105	0	0	0	5565	1	1085	0	1014435	219401	56518	1175	210	109	34254	19836	6	380	115466	2	11583	1	86	105436	537	67111	1337	104529	16737	18511	365782	19294	177319	1328	283182	172881	12695	362	251989	2717	10	0	50	54	51	57	2	0	0	69	0	1	1	3760	7	1	7230	0	8614	0	0	3	0	0	0	0	0	16	0	0	0	0	0	0	0	
0	2	1	0	2	3	21	3	0	2	0	0	3	0	2	0	13009	174	75	2	0	140	10	8	8	0	161	0	3	0	2	12907	0	418	1	188	15	1	12	56	4	6	304	23	2545	12	424	131	0	0	0	0	0	1	0	0	0	1	0	0	0	1	0	0	4	0	1	0	0	0	0	0	0	0	0	0	0	0	0	0	0	0	0	
0	7671	86	203	48	747	150203	11	91	0	0	0	1563	2	167	0	12741	5793	4392	153	57	290	457	9495	451	5	9457	38000	6045	6	8	14801	468	18348	220	17384	72684	943	10021	21695	7888	58569	49382	13410	1796	10729	14844	2338	16	0	101	53	1	4	0	0	0	443	0	12	0	39	127	0	5953	0	656908	0	0	1	0	0	0	0	0	630	0	0	0	0	0	0	0	
0	3	0	0	1	0	3	0	0	0	0	0	0	0	1	0	5	0	1	0	0	12	0	210	0	0	0	0	11	0	0	8	0	432	7	3	765	0	3	0	2	1	385	2	1	2005	2	0	0	0	0	1	0	0	0	0	0	0	0	0	0	0	54	0	3	0	2	0	0	0	0	0	0	0	0	0	0	0	0	0	0	0	0	
0	419	32118	2844	80	4642	66111	1	402	3	116	0	210	7	10102	1	74562	39348	18550	2161	3096	13656	13843	102507	1558	209	516617	25258	8786	219	11065	137003	226872	126406	3009	70587	33389	7312	142548	38244	289386	13794	3049198	310269	30331	18909	60578	4924	23	0	2851666	1023603	97685	259538	15547	130905	1	2928303	4180	563747	20232	2056011	93	8	11950	1	88420	0	0	6	0	0	0	0	0	783	0	0	0	0	0	0	0	
0	90	103	155	14	17	659	3	12	0	0	0	4	0	886	0	9812	541	887	34	27	1122	18392	1255	16	117	3748	2	2166	204	6526	91842	30	1605	144	315882	3796	23	82560	1696	6790	3948	33771	57397	301	4	6186	116	2	0	712821	92395	16091	197363	79	590	0	404827	271	73064	15	116475	104	0	3410	0	618	0	0	0	0	0	0	0	0	50	0	0	0	0	0	0	0	
0	136	1091	122	25	244	5194	3	127	1	2	0	15	3	5622	0	14580	38	7822	374	8037	1058	9995	17161	33	48053	6772	57810	17288	237	83701	254925	68	17570	273	42874	8238	3686	55943	21052	36314	829	150072	138396	618	1246	19929	2363	48	0	558733	297427	89665	423322	257	18786	0	924163	1266	168352	10286	536234	2216	1	45226	24	2688	0	0	2	0	0	0	0	0	253	0	0	0	0	0	0	0	
0	51	15	8	4	2	99	0	6	5	2	0	0	0	178	0	2483	13	104	46	1	61	20	183	2	3	290826	173	2057	3	26249	699	1	12812	16	29952	170	5	2123	150	1977	20	89794	2323	684	2095	1771	24	8	0	78640	20261	567	63934	3842	3026	0	23387	15	78074	80	9806	11	0	3142	0	9	0	0	0	0	0	0	0	0	14	0	0	0	0	0	0	0	
0	0	0	0	20	0	50	1	7	0	0	0	2	0	99	0	281	28	96	35	1	4922	362	21	11	1	281	0	710	4	13	1538	10	44	37	3554	31	2	460	9	99	16	928	2345	14	2	42	31	0	0	29495	4461	80	5361	0	0	0	31307	4	71	2	671866	3	0	348	1	115	0	0	0	0	0	0	0	0	2	0	0	0	0	0	0	0	
0	272	740	111	12	786	2988	1	57	4	0	0	2655	1	3031	0	51946	224	3043	376	225	256	418	4482	12	1266	47615	1	6865	87	5723	27469	39	1494	15	206817	3605	169	8119	213	27616	3989	73888	292927	4626	519	3382	375	19	0	740805	417440	31843	111570	13792	5	0	369355	2993	66036	27413	509774	64	1	10030	5	32290	0	0	0	0	0	0	0	0	109	0	0	0	0	0	0	0	
0	40	20	6	10	14	343	0	13	0	0	0	78	0	397	0	6947	37	1897	35	8	217	233	88	1	1	4653	12	11339	0	4	8945	25	2112	102	58680	2554	333	95078	142	1182	1682	198090	7508	47	4	377	158	19	0	314849	795672	432	254325	118	212	0	2394293	274	59412	95	3977	8	0	27695	0	20890	0	0	1	0	0	0	0	0	23	0	0	0	0	0	0	0	
0	149	2738	828	166	102	4684	32	2551	1	5	0	44	2	16589	0	40406	7394	27788	2630	28352	238	4042	3787	24	605	29957	86	9455	1	267	21254	15	5747	29773	982343	19654	612	46183	3924	90883	7455	78458	70382	12713	50	24689	8177	1674	0	1111794	436632	137241	142308	21	15	0	746182	2769	91854	697	283091	34	2	26016	0	81158	0	0	0	0	0	0	0	0	237	0	0	0	0	0	0	0	
0	91	136	4	6	28	6	21	13	1	1	0	1	4	15	0	2715	3881	2669	7	61	7	217	6	21	611	1088	1	4174	0	29	17138	5	162	10	1097	1323	0	1970	8	1073	9	8253	5612	4	8	50	13	13	0	52520	22746	14	27828	40	3	0	52312	0	8370	46	99	0	0	9606	3	7	0	0	0	0	0	0	0	0	0	0	0	0	0	0	0	0	
0	8	20	40	8	1	59	5	0	2	0	0	0	3	37	0	170	0	70	3	3	44	1	78	3	2	22	2	2	4	0	13270	0	1623	10	46	6408	2	104	27	62	13	3022	30	17	0	152	16	1	0	69651	184	240	13	1	0	0	5251	15	56	1	240279	8	0	0	0	17	0	0	0	0	0	0	0	0	7	0	0	0	0	0	0	0	
0	19	520	497	156	810	3221	5	170	1	0	0	106	0	14538	0	113258	2783	34074	573	1821	1567	9427	4123	26	4	18808	9	917	3	37	22143	228	8002	590	253248	19817	13215	44087	5085	20816	639	54052	30947	983	29	32434	4228	4	0	1260760	1509379	3453	116335	832	13	1	650723	36	87347	94	330202	8	1	19	1	2168	0	0	1	0	0	0	0	0	480	0	0	0	0	0	0	0	
0	11	68	18	5	2	103	1	0	2	0	0	4	0	241	0	44389	290	1429	46	5	182	7463	276	2	0	651	38	0	0	182	15942	4	1631	14	51080	2241	85	6663	619	1277	62	635	16257	1290	0	1445	19	0	0	238072	180148	13537	11057	11	0	0	142420	18	16915	86	2538	17	0	1	0	13	0	0	0	0	0	0	0	0	13	0	0	0	0	0	0	0	
0	2	354	895	87	73	776	0	772	1	1	0	291	0	3340	0	10440	103	4464	118	57	157	9	1856	0	0	6006	0	504	9	114	272	84	685	295	17410	5914	2817	9135	6439	5639	293	4976	30137	1002	14	9791	1000	469243	0	187791	299422	2105	24089	55	2	0	244412	7	23723	95	40314	2	0	15	0	752	0	0	0	0	0	0	0	0	241	0	1	0	0	0	0	0	
0	4	297	7	0	0	0	0	4	0	0	0	0	0	0	0	174	0	5	1	261	6	0	0	0	0	2	0	11	2	1	13	0	0	2	10	56	0	6	2	17	2	131	2898	5	0	9	5	2672	0	77326	1817	3	25521	6	0	0	10845	2	6176	110	1986	0	0	6	0	1	0	0	0	0	0	0	0	0	0	0	0	0	0	0	0	0	
0	9	416	376	299	325	2359	4	23	1	7	0	19	5	4837	0	19587	1207	9642	669	7	1543	189	1744	55	13	3958	944	117	50	233	40951	21	4330	3829	11640	10324	2662	18095	9447	45808	4300	3722	318	3145	6	6794	5331	0	0	162067	56899	48869	10390	38	8	0	248920	129	2544	97	151584	17	1	2	0	4658	0	0	0	0	0	0	0	0	183	0	0	0	0	0	0	0	
0	2011	2720	11114	48	53	15728	1	327	2	34	0	2355	1	6523	1	127236	74766	7728	1085	11232	4505	3879	10459	57	302	28207	11	1415	3	918	62680	65549	100893	886	144504	21510	10464	306127	21366	125199	793	375241	65093	4986	138	9514	5414	14	0	2873053	2017907	283724	592351	3963	135696	8	2372723	83581	335351	1942	1645745	13563	1	1805	0	1028	0	0	4	0	0	0	0	0	935	0	0	0	0	0	0	0	
0	1	304	130	23	35	1573	3	18	0	48	0	28	0	1731	0	26622	153	9473	132	102	20625	93	105	3	24	2123	2	453	0	144	9723	22	2802	70	40499	4675	80	20177	3413	158610	1706	16530	36455	620	34	2810	791	2	0	1139968	178011	95459	7295	604	13	0	753617	657	3018	64	102996	11	4	10	0	66	0	0	1	0	0	0	0	0	70	0	0	0	0	0	0	0	
0	382	844	353	73	161	2886	3	1647	2	5	0	14	0	4194	0	130039	17730	10103	1440	292	1123	1057	1435	9	58	7152	0	993	2	15557	21094	13	7432	619	157968	32460	28304	13215	1346	44360	9678	219652	238657	55498	59	70403	8180	4	0	814378	1364965	176561	496283	63826	39858	2	2439119	11479	97822	16210	1019315	162	11	1705	4	13847	0	0	4	0	0	0	0	0	205	0	0	0	0	0	0	0	
0	58	475	522	9	42	922	0	28	0	2	0	5	0	1792	1	20904	185	1482	789	2	234	724	801	7	12	2277	0	796	0	188	22186	1	2032	239	78981	2966	55	52837	4486	8475	400	275164	2412	3369	112	7694	3816	1	0	654567	215828	117504	157719	11608	5923	0	182427	2711	15245	333	474577	35	0	1113	5	147	0	0	3	0	0	0	0	0	79	0	0	0	0	0	0	0	
0	52	8245	6034	242	5461	57827	196	2139	12	9	0	4449	3	161914	0	195127	3713	109658	2033	126	11628	7661	82658	467	571	102483	261	16856	38	133	246265	5225	85231	3262	134536	92527	9972	129672	40424	138457	21311	67036	36215	29865	13035	116223	14609	15	0	2687515	2755066	359230	457892	9951	6059	7	2467324	50712	451307	19359	3193511	233	8	5979	35	149478	0	0	10	1	0	0	0	0	6955	0	0	0	2	0	0	0	
0	2410	1038	352	135	107	2023	2	57	0	20	0	61	0	3330	0	190982	457	7251	98	2700	13545	19503	91453	348	24404	38299	625	84552	153	35512	243092	78438	135205	829	282961	8116	173	16211	6661	19823	11679	1453608	57601	35182	12387	69040	16460	152	0	1748218	367775	42251	601205	133372	36312	0	481333	1538	113476	57121	2110246	591	10	183583	7	24329	0	0	5	0	0	0	0	0	149	0	0	0	0	0	0	0	
0	173	55	69	4	2507	289	2	455	0	0	0	1433	0	756	0	5380	3981	7732	7	6	95	142	6788	53	0	19939	13	1794	20	902	58703	83	867	13	6414	813	1089	1268	87	282	602	73288	153945	537	39	16785	134	3	0	181781	238194	2417	96385	1008	6	0	238382	296	81543	1482	78735	214	0	607	1	3021	0	0	0	0	0	0	0	0	50	0	0	0	0	0	0	0	
0	515	293546	412	60	42	64019	1	5085	3	5	0	276	15	5448	0	153407	3470	20762	1018	40948	44487	203040	37888	32	6037	16219	47	30078	199	13993	68883	2218	98304	30140	423688	62627	128	86132	10343	19043	9988	532188	630996	82099	257	415131	168298	231	0	3161316	2243236	173346	274749	290	138088	3	2203996	83348	176866	5273	830310	4714	1	74537	12	61183	0	0	3	0	0	0	1	0	312	0	0	0	0	0	0	0	
0	69	223	66	27	45	313	0	13	2	0	0	15	0	692	0	20549	12	4629	3	9923	143	34	2909	1	158	5291	2	327	12	784	317	6	6836	678	6376	1562	98	98870	274	2132	6719	80634	4710	917	111	3358	64	0	0	1092965	542562	39652	78797	73708	1504	0	170186	1399	120210	3145	58998	627	2	284	2	45736	0	0	11	0	0	0	0	0	68	0	0	0	0	0	0	0	
0	89	1498	779	162	1569	11500	1148	1286	2	13	0	7040	4	10428	0	134561	1888	33751	7954	43659	12512	7654	38286	4524	20604	14742	1965	18611	8	50010	288655	2378	74732	273947	709011	50366	4049	97748	5071	30859	31949	284691	185910	23475	703	157876	149549	28	0	2401388	946949	271917	457895	142913	112219	5	956615	2078	231289	22738	830108	8667	4	8149	2	306857	0	0	1	0	0	0	0	0	437	0	0	0	0	0	0	0	
0	77	1630	482	39	73	29664	59	87	0	3	0	41	0	8285	0	135255	27265	6945	200	1028	1945	183	11274	211	681	19802	7	103	2	240	92147	41377	100638	1266	138276	25852	3799	224259	4562	145196	3471	45639	940	9414	124	34708	4018	797706	0	2247172	33532	1074	314255	3569	45	0	768422	421	385430	23389	33516	4396	5	86	0	18951	0	0	4	0	0	0	0	0	341	0	0	0	0	0	0	0	
0	195	29822	1557	287	7291	115104	37	2207	2	239	0	4046	23	183410	2	646775	21052	53324	5521	18874	89205	174615	61440	1382	8667	63737	174	6641	5	455388	964323	136210	177913	131886	152430	228341	56878	445323	62224	271010	48825	38829	186740	140841	3997	228007	187735	25	0	3589893	1827490	730047	673667	41326	57	0	3807768	764	448848	2510	2804981	1526	1	103	7	220837	0	0	0	0	0	0	5	0	3497	0	0	0	5	0	0	0	
0	77	8274	642	148	1854	14775	2	626	0	0	0	1689	0	16220	0	266807	5012	43999	5961	17675	18636	75386	20283	762	4563	49019	42	13712	384	810	214633	2436	27164	3558	195133	30354	12586	132447	19630	90935	8783	26681	49256	7789	149	37352	7922	31	0	1968661	950494	211384	115334	246	3	0	2693000	415	590660	1992	494848	79	1	15904	0	110034	0	0	3	0	0	0	0	0	2090	0	0	0	0	0	0	0	
0	129	16860	519	30	59	6382	1	30	1	0	0	83	0	6659	0	107361	4115	22689	96	24061	2888	587	3595	206	2	33870	78	109	0	481	78978	33	5032	1018	249487	23254	9559	38889	2200	23452	5148	85766	18948	3326	229	10417	74024	2	0	470245	658882	116273	451393	11122	11845	0	741750	5752	108061	2648	625808	39	2	28	3	6978	0	0	1	0	0	0	0	0	798	0	0	0	0	0	0	0	
0	16	176	187	24	13	3352	0	4	0	1	0	14	1	2386	0	88289	356	3041	22	866	542	523	12004	4	22	6110	14	1063	5	187151	50863	50	37072	2496	10668	5724	147	4220	4641	63495	11388	16224	831	531	3788	3829	612	6	0	268413	117800	27776	32236	77	3	0	376687	36	31273	99	704624	483	0	5499	18	132758	0	0	0	0	0	0	0	0	288	0	0	0	0	0	0	0	
0	341	395874	530	2293	6274	17870	213	1423	28	0	0	15442	0	12450	0	215940	3545	6149	882	293550	41472	35511	24656	4	13076	25149	14481	7640	5	72	112857	262	142949	309	246894	132288	50840	417268	144372	879791	2569	377362	146079	4400	161	19225	188840	15	0	1428970	653254	123209	368097	76367	36804	1	1464132	15941	124826	37858	2105245	3957	7	33559	24	1519	0	0	4	1	0	0	0	0	514	0	0	0	0	0	0	0	
0	150	3091	326	78	131	33093	0	1066	0	128	0	19	0	109840	1	56470	489	1566	47	547	144112	200	45219	12	17	7575	22093	578	2	59223	310261	33	3872	579	98143	4367	5078	357388	3256	84475	139717	127750	308698	1408	363	79449	986	6	0	1136732	401926	89986	116576	19701	20316	0	178483	2386	86848	381	84334	3966	2	1939	0	1121577	0	0	1	0	0	0	0	0	109	0	0	0	0	0	0	0	
0	16	1363	128	10	11	2927	0	13	0	3	0	14	0	1105	0	10670	1435	7780	133	999	673	8067	1201	93	126	5125	1	1180	9	919	23581	28	4163	74	22010	1580	219	8005	887	5460	961	4039	13215	1487	143	8170	292	320	0	271734	121794	9370	8831	633	36	0	410055	21	15989	20	1805	48	0	7	0	51	0	0	0	0	0	0	0	0	3314	0	0	0	0	0	0	0	
0	0	1	0	0	0	0	0	0	0	0	0	0	0	0	0	28	14	43	1	27	13	0	23	0	11	1	0	0	0	1	47	66	29	126	225	211	0	113	123	45	60	94	22	34	2	205	91	0	10	0	1	0	0	0	0	0	0	0	0	0	0	0	0	0	0	16	0	0	0	0	0	0	0	0	0	0	0	0	0	0	0	0	
0	568082	381771	5073	315	2641	970845	4554	115979	86	42	0	324	54	407868	12	1561458	252759	467587	21921	115711	453403	235418	957852	56438	31670	415980	139112	200126	2698	180102	1295834	204446	1093763	384032	3652308	621542	104323	1121885	97937	1512025	243770	7386053	1872950	424575	139421	1058731	558385	438	98	956	401	114	26	2	8	0	6309	2	35	1	607	56132	0	434268	1519	1844191	0	0	51	0	0	0	0	0	5345	0	0	0	2	0	0	0	
0	11121	218851	15177	1373	29219	43996	25	114246	56	175	0	121965	3	134092	0	1835316	83100	127493	12891	37766	239341	252898	449688	4681	3282	352228	25453	123487	31	53250	1503180	41022	404975	104051	1887221	247341	55443	610721	242112	377020	396500	1616018	1200159	734161	387063	551123	124822	176	0	1209	152	74	358	11	135	0	446	1	56	1	341	79002	3	15917	4	1915936	0	0	19	0	0	1	0	0	4114	0	0	0	2	0	0	0	
0	60	1795	544	70	64	3824	7	326	1	5	0	21	0	7972	0	188808	443	77011	6047	16	9065	464	9558	43	8	8743	1365	2836	21	12635	215044	808	153865	559	163342	61695	3941	142826	14568	50243	29416	590512	64300	6932	12225	12603	4534	6	0	105	42	13	2	3	1	0	102	0	2	0	47	326	0	8649	6	329004	0	0	8	0	0	0	0	0	1030	0	0	0	0	0	0	0	
0	74054	2568	13579	231	523	183733	117	513	2	17	0	343	3	10609	1	453031	176928	58992	5137	5609	24567	7746	102060	41842	6382	222161	5690	37342	62	69676	226102	6755	283299	110412	449776	150236	13883	221044	46150	236856	76875	1081379	944810	54113	316534	117927	45740	72	0	202	130	9	1409	38	71	0	130	1	21	0	2039	17754	0	59088	95	99395	0	0	51	0	0	0	0	0	278	0	0	0	0	0	0	0	
0	1608	33	68	0	0	526	3	9	0	0	0	8	0	36	0	5778	2510	1137	34	16	33176	33	9929	4	412	4822	7	3302	296	2102	58575	170	2663	122	14596	43476	191	1115	185	42856	313	227053	135693	82	9900	1927	9892	9	0	11	21	11	16	68	2	0	12	0	2	0	205	83	0	9974	524	1250	0	0	3	0	0	0	0	0	8	0	0	0	0	0	0	0	
0	2	1035	23	7	6	7	3	0	0	9	0	4	0	13	0	11511	17	1255	49	10904	221	13	3369	0	133	1293	1	27	871	37852	288027	27658	52271	761	7961	29975	5	4866	2258	619	55	509	79	18854	122731	1584	65886	3	0	45	34	30	30	1	213	0	9	0	0	0	203	1519	0	28	3315	101	0	0	0	0	0	0	0	0	1	0	0	0	0	0	0	0	
0	0	0	0	0	0	0	0	0	0	0	0	0	0	0	0	0	0	2	0	0	0	0	0	0	0	0	0	0	0	12	5	0	3	0	3	0	0	0	0	0	0	0	0	0	3	0	0	0	0	0	0	0	0	0	0	0	0	0	0	0	0	0	0	0	0	0	0	0	0	0	0	0	0	0	0	0	0	0	0	0	0	0	
0	50192	2021	1009	205	4034	1002157	195	64377	16	2	0	7161	8	555021	12	1206222	599277	84028	9953	44891	39095	1768034	177969	2964	32518	405292	1840	123296	324	21666	452943	4263	212863	22703	2456684	155805	51007	330286	30973	273294	51579	5719873	1015519	912574	341993	266826	97424	239	394	181457	201	146	137	8	45	0	884	3	103	63	276	506	8447	71640	15	476197	0	0	40	1	0	1	5	0	11783	0	0	0	9	0	0	0	
0	27	3	729	1	2	60	0	3	0	22	0	3	0	27	0	6226	204	49	28	46	3016	173	2112	2	32	52	35643	14	0	19	51644	449	5415	16622	14397	1476	340	3526	223	1786	580	93431	6105	14121	4140	713	1152	0	0	45	8	2	1	1	0	0	5	0	0	1	30	2	9	49	0	7951	0	0	0	0	0	0	0	0	4	0	0	0	0	0	0	0	
0	41223	2714	5799	294	315	20441	8	237	0	0	0	342	2	6287	0	214725	48137	457865	855	1488	108415	3525	140681	19392	959	310433	972	40702	111	5418	67876	29050	78901	130800	481077	107419	8791	90750	58915	183096	15553	414093	229260	39436	108255	91943	98173	62	1169	90	28	2	5	0	0	0	154	3	6	2	94	2781	6	30254	7	110035	0	0	99	0	0	0	0	0	282	0	0	0	0	0	0	0	
0	35292	8	44	5	2	10	0	10	0	0	0	4	0	98	0	18932	1906	1638	148	2	2383	3461	5164	3	13	881	101	3143	500	427	9718	6564	19702	21696	21109	1841	526	4073	2223	8222	877	30595	11642	14718	954	12426	3172	4	0	7	1	0	0	0	0	0	2	0	0	0	14	13	1	6135	275	274	0	0	0	0	0	0	0	0	1	0	0	0	0	0	0	0	
0	28	67	6	90	28	553	3	69	2	20	0	60	3	259	0	488845	14941	601337	72019	63	309890	391741	271594	821	110288	1176768	214946	413937	43	131073	2673905	845470	694712	659715	463183	570634	18211	1407088	145344	606198	3937596	4307299	348054	90117	1025122	244447	2979	26	1	68	76	16	34	3	21	0	162	0	4	0	333	556	1	41	1	8708	3	0	3	0	0	0	0	0	5	0	0	0	0	0	0	0	
0	7	11	20	5	6	2083	0	9	0	3	0	13	0	163	0	32842	748	215	62	0	477	21	869	1	0	182	0	2	0	21	208	7	176	50	178	29540	1444	1924	166	385	171	290	169	484	19	109274	147	1	0	8	29	0	19	0	0	0	18	0	0	1	16	9	0	47	0	10	5	0	0	0	0	0	0	0	21	0	0	0	0	0	0	0	
0	5052	0	0	0	0	1	0	0	0	0	0	0	0	0	0	333	43	20	2	0	37	152	82	0	0	8	0	19	6	9	111	123	284	386	389	38	6	61	42	106	22	422	200	219	16	169	65	0	0	3	1	0	0	0	0	0	2	0	0	0	0	0	0	133	5	8	0	0	0	0	0	0	0	0	0	0	0	0	0	0	0	0	
0	15	239	8	2	26	1330	0	19	0	65	0	5	0	570	0	34524	1035	2128	206	517	558	19016	990	329	34	2261	10	39	0	77	33195	33	3867	290	5844	2814	226	16066	671	2621	5229	1315	21476	1839	195	1867	749	1	0	348286	272064	14670	7752	49	4	0	262271	120	11790	0	700	166	0	14	18	87	0	0	0	0	0	0	0	0	11	0	0	0	0	0	0	0	
0	8	4	2	0	0	1	0	0	0	0	0	0	0	3	0	31	0	3	0	0	87	0	0	0	0	5	0	0	0	1	714	0	5	5	4	139	1	51	263	25	26	27	1	6	6	34	5	0	0	263	69	48	4	0	0	0	218	0	5	0	5	7	0	14	4	0	0	0	0	0	0	0	0	0	0	0	0	0	0	0	0	0	
0	85	7280	1082	52	81	17900	2	22	0	1	0	62	2	8587	0	75256	707	49205	134	4404	1132	887	5818	4	11	60832	3	1576	21	9849	71893	66	32084	302	271350	7807	679	11480	5925	45318	536	50807	11753	3029	223	55809	1895	1	0	1521727	66063	81863	15337	2464	2	0	2940622	95	130111	68	7424	206	0	86	0	325	0	0	2	0	0	0	0	0	1119	0	0	0	2	0	0	0	
0	0	1	0	0	0	0	0	0	0	0	0	0	0	0	0	0	0	0	0	0	0	0	0	0	0	0	0	0	0	4	0	0	0	0	2	0	0	0	0	0	0	1	0	0	0	0	0	0	0	9	0	0	0	0	0	0	0	0	0	0	0	0	0	0	0	0	0	0	0	0	0	0	0	0	0	0	0	0	0	0	0	0	
0	0	0	0	0	0	0	0	0	0	0	0	0	0	0	0	0	0	0	0	0	0	0	0	0	0	0	0	0	0	0	0	0	0	0	0	0	0	0	0	0	0	0	0	0	0	0	0	0	0	0	0	0	0	0	0	0	0	0	0	0	0	0	0	0	0	0	0	0	0	0	0	0	0	0	0	0	0	0	0	0	0	0	
0	1	1	1	0	0	3	0	0	0	0	0	1	0	1	0	10	2	0	0	0	0	0	1	0	0	6	0	0	0	2	14	0	4	0	10	1	0	5	0	2	0	5	8	16	2	15	4	0	0	185	11	5	4	0	0	0	62	1	4	0	7	0	0	0	0	0	0	0	1	0	0	0	0	0	0	0	0	0	0	0	0	0	
0	0	0	0	0	0	0	0	0	0	0	0	0	0	0	0	0	0	0	0	0	0	0	0	0	0	0	0	0	0	0	0	0	0	0	0	0	0	0	0	0	0	0	0	0	0	0	0	0	0	0	0	0	0	0	0	0	0	0	0	0	0	0	0	0	0	0	0	0	0	0	0	0	0	0	0	0	0	0	0	0	0	0	
0	0	0	0	0	0	0	0	0	0	0	0	0	0	0	0	0	0	0	0	0	0	0	0	0	0	0	0	0	0	0	0	0	0	0	0	0	0	0	0	0	0	0	0	0	0	0	0	0	0	0	0	0	0	0	0	0	0	0	0	0	0	0	0	0	0	0	0	0	0	0	0	0	0	0	0	0	0	0	0	0	0	0	
0	0	0	0	0	0	0	0	0	0	0	0	0	0	1	0	1	0	0	0	0	0	0	0	0	0	0	0	0	0	0	0	0	0	0	0	0	0	0	0	0	0	0	0	0	0	0	0	0	0	0	0	0	0	0	0	0	0	0	0	0	0	0	0	0	0	0	0	0	0	0	0	0	0	0	0	0	0	0	0	0	0	0	
0	0	0	0	0	0	0	0	0	0	0	0	0	0	0	0	1	0	0	0	0	0	0	0	0	0	0	0	0	0	0	0	0	0	0	0	0	0	0	0	0	0	3	0	0	0	0	0	0	0	5	0	0	0	0	0	0	0	0	0	0	0	0	0	0	0	0	0	0	0	0	0	0	0	0	0	0	0	0	0	0	0	0	
0	0	0	0	0	0	0	0	0	0	0	0	0	0	0	0	0	0	0	0	0	0	0	0	0	0	0	0	0	0	0	0	0	0	0	0	0	0	0	0	0	0	0	0	0	0	0	0	0	0	0	0	0	0	0	0	0	0	0	0	0	0	0	0	0	0	0	0	0	0	0	0	0	0	0	0	0	0	0	0	0	0	0	
0	0	0	0	31	38	4	0	6	0	2	0	124	0	12	0	64	4	10	7	0	8	6	13	2	0	5	0	3	1	0	94	1	24	5	18	63	18	75	15	33	36	25	4	24	2	73	11	0	0	0	0	0	0	0	0	0	0	0	0	0	0	0	0	0	0	0	0	0	1	0	0	0	0	0	68	0	0	0	0	0	0	0	
0	0	0	0	0	0	0	0	0	0	0	0	0	0	0	0	0	0	0	0	0	0	0	0	0	0	0	0	0	0	0	0	0	0	0	0	0	0	0	0	0	0	0	0	0	0	0	0	0	0	0	0	0	0	0	0	0	0	0	0	0	0	0	0	0	0	0	0	0	0	0	0	0	0	0	0	0	0	0	0	0	0	0	
0	0	0	0	0	0	0	0	0	0	0	0	0	0	0	0	0	0	0	0	0	0	0	0	0	0	0	0	0	0	0	0	0	0	0	0	0	0	0	0	0	0	0	0	0	0	0	0	0	0	0	0	0	0	0	0	0	0	0	0	0	0	0	0	0	0	0	0	0	0	0	0	0	0	0	0	0	0	0	0	0	0	0	
0	0	0	0	1	0	0	0	0	0	0	0	0	0	0	0	5	1	7	0	0	1	0	1	0	0	0	0	0	0	0	0	0	6	1	2	0	0	9	0	3	0	8	0	3	0	2	0	0	0	0	0	0	0	0	0	0	0	0	0	0	0	0	0	0	0	0	0	0	0	0	0	0	0	0	0	0	0	0	0	0	0	0	
0	0	0	0	0	0	0	0	0	0	0	0	0	0	0	0	0	0	0	0	0	0	0	0	0	0	0	0	0	0	0	0	0	0	0	0	0	0	0	0	0	0	0	0	0	0	0	0	0	0	4	0	0	0	0	0	0	1	0	0	0	0	0	0	0	0	0	0	0	0	0	0	0	0	0	0	0	0	0	0	0	0	0	
0	0	0	0	0	0	0	0	0	0	0	0	0	0	0	0	0	0	0	0	0	0	0	0	0	0	0	0	0	0	0	0	0	0	0	0	0	0	0	0	0	0	0	0	0	0	0	0	0	0	0	0	0	0	0	0	0	0	0	0	0	0	0	0	0	0	0	0	0	0	0	0	0	0	0	0	0	0	0	0	0	0	0	
0	0	0	0	0	0	0	0	0	0	0	0	0	0	0	0	0	0	0	0	0	0	0	0	0	0	0	0	0	0	0	0	0	0	0	0	0	0	0	0	0	0	0	0	0	0	0	0	0	0	0	0	0	0	0	0	0	0	0	0	0	0	0	0	0	0	0	0	0	0	0	0	0	0	0	0	0	0	0	0	0	0	0	
0	0	0	0	0	0	0	0	0	0	0	0	0	0	0	0	0	0	0	0	0	0	0	0	0	0	0	0	0	0	0	0	0	0	0	0	0	0	0	0	0	0	0	0	0	0	0	0	0	0	0	0	0	0	0	0	0	0	0	0	0	0	0	0	0	0	0	0	0	0	0	0	0	0	0	0	0	0	0	0	0	0	0	
