0
832216
1523866
75341
2252402
3756603
4210342
38658
1476546
5999
23594
5
4117016
41861
2871770
3984
17375649
2448389
4499883
778727
763363
3308183
4332628
5141158
228505
351967
5440894
799435
1637214
130458
1497942
13994818
2796962
8072851
2561192
19861946
9128545
1349780
13722173
2567955
10452839
6643062
32327986
10587410
4722249
2571488
11008658
5502681
1273452
1686
38646664
21134214
3410101
6999426
631583
698887
28
35096078
275752
4806014
256051
22261366
262135
8650
1202524
5998
8132640
17
0
462
8
6
7
12
2
63105
1
2
51
23
0
0
0
